"","Country","2002","2003","2004","2005","2006","2007","2008","2009","2010","2011","2012","2013","2014","2015","2016","2017","2018","2019","2020","2021","2022","2023","NA","Total"
"1","USA",33,0,27,53,0,39,19,43,21,0,19,52,82,2979,14756,9186,12536,22409,18755,11881,9958,6564,7036,116448
"2",NA,996,545,640,1315,1177,992,818,623,1210,1731,1006,1309,2291,2165,10580,3220,3127,3184,2626,2670,2347,2817,8574,55963
"3","UKR",0,14,65,75,79,283,525,427,566,365,872,483,687,232,553,936,503,831,1175,912,209,66,1230,11088
"4","RUS",0,7,117,297,377,286,123,209,352,329,107,368,419,847,844,490,499,447,316,99,37,32,2282,8884
"5","MDA",16,19,193,221,272,349,272,387,516,659,94,722,542,766,658,504,131,47,37,70,36,29,479,7019
"6","LBY",1,0,2,3,14,0,0,18,8,0,9,0,0,14,15,129,232,412,180,624,776,1039,941,4417
"7","IDN",0,7,12,31,94,17,0,0,0,0,49,97,291,946,371,35,23,91,70,35,53,15,691,2928
"8","CHN",0,0,0,8,27,4,0,0,0,0,32,37,41,149,132,342,271,279,331,168,110,106,629,2666
"9","MYS",0,0,0,74,257,100,0,0,0,20,25,36,124,48,352,367,106,103,126,37,67,38,648,2528
"10","PHL",0,0,0,5,0,0,0,0,0,0,4,3,7,1,1957,20,34,31,32,0,10,93,212,2409
"11","TUR",17,0,64,263,233,148,78,24,83,46,32,36,71,76,66,54,81,90,59,35,23,75,679,2333
"12","POL",9,6,44,109,99,73,51,33,48,48,29,40,33,65,133,25,154,105,143,35,36,39,684,2041
"13","BGD",0,0,0,0,20,4,0,0,9,0,0,4,7,0,0,0,54,152,184,258,155,602,471,1920
"14","LBN",7,0,4,5,0,7,4,0,3,14,0,5,19,87,39,25,0,29,214,267,396,311,442,1878
"15","KAZ",3,0,15,11,0,0,28,16,174,218,13,64,63,87,101,124,125,63,15,0,0,0,731,1851
"16","SAU",0,0,5,9,0,6,13,15,16,0,0,6,105,58,168,107,53,51,84,240,177,173,403,1689
"17","KHM",14,0,22,0,0,15,6,7,0,0,0,0,22,23,13,153,873,57,17,0,84,68,309,1683
"18","MLI",1,0,0,16,0,0,5,0,1,0,10,9,2,0,7,16,78,420,135,94,224,219,305,1542
"19","BLR",9,6,0,24,10,0,18,12,15,34,18,171,79,68,93,0,68,56,34,50,31,61,443,1300
"20","ARE",0,7,23,71,44,72,9,6,35,22,4,4,224,16,55,65,36,20,29,36,28,54,424,1284
"21","THA",0,3,1,0,10,0,0,7,187,26,35,36,0,27,124,176,166,35,30,0,8,45,271,1187
"22","NGA",7,0,0,0,4,0,10,0,7,1,10,10,11,15,0,54,95,154,88,184,81,40,259,1030
"23","GHA",0,10,12,415,32,7,10,0,4,0,11,14,17,15,0,0,0,69,56,65,57,17,172,983
"24","MEX",0,2,9,5,12,11,10,16,19,15,11,18,22,52,120,81,57,39,80,50,53,0,177,859
"25","VNM",6,8,0,0,9,0,21,18,19,41,38,40,46,63,34,55,7,37,16,43,10,78,239,828
"26","ROU",0,6,0,202,87,47,0,11,0,19,19,5,1,5,14,11,7,0,9,69,75,26,163,776
"27","ITA",4,7,29,150,84,20,39,13,0,20,15,0,0,0,19,33,5,25,0,0,20,11,280,774
"28","SRB",294,38,33,37,31,2,16,0,14,8,0,0,16,13,30,0,0,14,6,12,0,0,188,752
"29","EGY",4,8,7,0,3,0,8,3,9,6,2,0,149,41,53,27,7,17,0,17,20,62,265,708
"30","ARG",0,0,11,2,12,52,45,91,56,25,49,32,13,9,0,17,18,19,0,0,23,6,226,706
"31","SEN",7,12,0,13,36,118,43,14,165,24,4,0,26,9,29,0,0,0,19,39,20,0,119,697
"32","DEU",9,0,13,36,34,12,14,0,21,63,17,20,16,48,21,42,13,6,22,2,16,27,217,669
"33","ZAF",0,6,3,23,33,22,24,10,16,14,6,12,48,32,24,24,23,22,23,0,3,19,245,632
"34","KWT",0,12,4,2,0,6,0,5,11,0,0,14,1,13,217,13,100,13,21,26,0,11,141,610
"35","BDI",0,2,0,0,0,0,0,2,4,0,0,9,7,4,0,9,15,13,10,223,74,84,141,597
"36","OMN",0,4,0,4,0,15,0,2,3,10,5,3,87,5,25,0,30,27,23,75,58,56,156,588
"37","UZB",12,0,71,92,0,3,0,0,0,0,14,98,9,0,28,0,28,58,15,41,0,0,116,585
"38","KEN",0,0,0,4,0,10,5,4,0,45,0,9,8,12,29,64,88,33,6,93,0,25,144,579
"39","UGA",1,0,0,0,2,54,0,6,2,33,10,4,50,9,23,0,8,73,90,2,8,15,188,578
"40","TUN",12,0,0,6,0,0,1,3,9,0,0,18,11,24,33,44,66,9,35,48,53,69,126,567
"41","MKD",177,42,16,28,25,11,0,0,11,0,0,10,0,9,0,0,0,0,9,8,12,2,165,525
"42","HTI",5,4,0,7,12,0,9,3,4,6,219,71,10,4,0,0,17,4,0,0,0,0,146,521
"43","BGR",4,0,0,113,6,141,0,7,4,10,0,11,4,15,0,1,21,8,0,2,0,17,137,501
"44","BIH",50,105,33,28,7,17,10,3,9,0,1,7,0,0,0,0,8,0,7,6,0,15,195,501
"45","IRQ",9,6,0,0,0,10,4,0,4,0,22,11,7,21,11,5,39,54,38,63,26,20,138,488
"46","JPN",0,8,6,0,0,0,4,6,15,20,8,8,6,6,124,14,16,15,0,21,0,11,177,465
"47","TJK",0,3,23,60,0,0,7,11,3,68,18,48,14,8,41,17,14,19,0,0,0,17,94,465
"48","CZE",0,2,21,46,70,52,9,5,12,11,19,6,8,0,0,0,3,9,0,0,14,0,126,413
"49","JOR",9,6,0,0,3,4,0,0,0,10,61,66,28,0,16,5,0,7,0,3,3,0,192,413
"50","SWE",5,9,13,0,9,0,0,0,0,12,0,2,0,13,18,28,23,31,15,36,17,33,135,399
"51","MMR",0,1,4,10,5,2,5,0,0,6,0,10,5,6,0,3,17,8,0,27,25,121,124,379
"52","GRC",4,5,7,12,9,11,5,10,7,6,13,6,6,9,20,9,10,0,11,0,22,10,178,370
"53","ESP",0,3,8,0,0,0,5,9,17,17,8,0,0,19,23,30,17,20,0,14,19,13,141,363
"54","ALB",33,11,54,53,25,8,0,20,0,0,1,3,12,0,0,5,4,0,0,18,0,11,104,362
"55","MAR",5,4,6,0,10,0,0,0,0,12,8,30,27,9,0,12,47,13,16,15,11,13,117,355
"56","CIV",8,0,2,5,15,14,0,8,13,5,0,5,8,0,0,0,8,0,33,41,12,34,135,346
"57","QAT",0,8,4,4,0,0,5,5,6,4,4,2,66,18,62,16,0,15,6,2,1,4,114,346
"58","IND",0,0,2,2,0,0,0,0,0,7,0,12,9,3,7,20,75,40,0,11,0,18,139,345
"59","NER",3,0,0,6,0,11,0,3,1,13,0,12,12,0,0,7,27,40,34,46,22,30,67,334
"60","SDN",4,0,0,0,4,8,23,11,12,15,9,3,0,19,31,31,25,22,6,0,16,0,79,318
"61","COL",10,0,0,21,12,2,0,7,0,0,0,9,17,10,19,16,8,13,0,14,13,59,72,302
"62","GBR",0,0,0,0,6,0,0,0,6,0,8,2,2,20,27,23,24,12,5,21,6,16,116,294
"63","HKG",5,0,0,4,0,9,0,1,1,2,3,0,15,0,0,52,46,23,20,0,0,1,108,290
"64","AFG",2,0,10,0,0,1,2,11,0,9,2,42,103,0,0,9,3,0,8,0,4,8,70,284
"65","PRT",9,0,0,0,0,17,10,13,12,16,8,0,10,0,12,10,7,8,23,0,0,14,107,276
"66","CHE",4,2,0,7,13,0,3,3,6,16,6,16,0,10,22,8,0,16,8,0,9,15,111,275
"67","CAN",14,4,0,0,7,0,2,8,0,0,0,0,0,0,41,4,14,29,26,19,12,18,70,268
"68","DNK",6,10,0,4,11,0,6,3,0,2,17,0,0,24,0,12,6,43,0,8,10,6,100,268
"69","ETH",0,0,0,0,12,14,11,8,0,49,7,12,0,11,12,0,0,12,0,0,0,21,77,246
"70","SLE",0,2,0,0,10,3,50,5,9,3,3,0,0,0,6,10,17,9,13,10,23,4,69,246
"71","NLD",1,0,0,3,0,9,1,10,0,0,12,0,19,11,14,0,11,16,0,8,22,15,77,229
"72","KGZ",0,6,5,5,0,0,0,0,8,15,0,10,0,1,0,0,22,11,14,0,8,9,92,206
"73","Total",1829,970,1640,3999,3363,3118,2386,2195,3763,4170,3026,4202,6035,9269,32222,16795,20246,30037,25403,18893,15643,13547,35218,257969
